-0.9166718150866153,0.43829227278389205,-0.6129205231425989,0.7738693110376684,-0.04456069156634124,0.8807831166061564,-0.8206278700342509,0.5013513447020947,0.8570578529268591,0.3906799520892723,0.6558968505921785,0.0011654760044317314,0.3008835791217257,-0.15983430198414705,-0.0693333837225647,-0.6526558237637923
0.9210598583969818,0.42579710374854174,0.4036360259825613,0.030714658443632636,-0.885772459758438,-0.24727514094877123,0.7355606108008894,0.10546495518591437,-0.8023562184533268,-0.49625645997262624,-0.9207327565798142,-0.5815206606673406,0.9351907452001367,0.3172382122419557,0.003001769800845988,-0.922981014248552
-0.5965568413505009,0.09650184318674637,0.6008404234282114,-0.36476902674868983,-0.010850908242431956,0.764068687448312,0.07574350440340671,0.17571450752937356,-0.8171966361630094,0.9651584811421219,-0.3418701780268467,0.9853471761319244,-0.12550940725520165,0.4589100006311786,0.43815748442548386,0.9705357673477955
0.993889214450193,-0.8189165981690414,0.04917164289121412,-0.7530365630876577,-0.5538830208217513,0.7583652630943165,0.5543977049957343,-0.6234411607408261,-0.2594219505869344,0.0167988118252671,-0.9217323318156883,-0.375213018259823,0.14784668217470842,-0.4692513166767862,0.46235112775477427,0.12296988932525932
-0.8793341414217637,-0.6402283188497377,0.8392493288060314,0.023482332116210758,-0.5409383253499991,0.8026327950872136,-0.6065373556670386,0.6888084300076232,-0.6283940592555368,0.10147943389628145,0.4827634350786061,-0.13302981763357224,-0.8807152975057908,-0.6541439052369178,-0.7731928918072759,0.6164384986356892
0.9848390793791464,0.2336479492878787,-0.03581470862613423,-0.8796023192670523,0.5757823579359684,0.4491579106812056,-0.43149525961566915,0.14167627382710624,0.34228128171791594,-0.2656195346653807,0.7945511727589767,-0.7664247140996134,-0.5167707200070257,0.6757407501481238,-0.5685784054255085,-0.3597641456495462
-0.013661589999800272,-0.3281489497763481,0.6389047534972294,0.1308792365227054,0.6332312852857147,-0.389048890374591,-0.3305466717642904,-0.5076957991101425,-0.15749182415532226,0.06288417881265196,0.253734952831729,0.8002038247377463,0.7459378274158079,0.14471765507189738,-0.23974711356596567,0.7190494207848193
-0.6587322596474383,0.8188365658683667,0.42662072473113843,0.5901480016293985,0.6997960743722469,-0.5835849054098734,-0.0546100350906209,0.5148383481529748,-0.12147445994822359,-0.8878647172685175,0.1736021960155516,-0.9482031277658456,-0.6706006901814101,0.02039879794445243,0.17722047160627552,-0.5494459255600357
0.9944516034519038,-0.3667188868126192,0.8558822460007307,-0.11788994189674207,0.4133418160765052,0.6792171996618557,-0.39354826424460554,-0.6382183058167172,-0.01935460173085035,0.6440893996546722,0.3983825520058324,0.32435721973088016,0.8086605772838129,-0.9865423205310249,0.7685581047510504,0.3649709247610369
0.9645480139613929,0.007196954322446603,0.3849464304311927,-0.41534968585835896,0.6183302711548755,0.7512952065856064,0.977605872321677,-0.5219496942098161,-0.6065793782427835,0.6395091775321222,-0.7753491496848779,-0.31947902475201295,0.8310764785432989,-0.24086418179731117,0.6548171271848247,-0.7181518576226569
0.10392572926221488,-0.9960228458666913,0.24329774396832815,-0.007218902680639516,-0.46195227850059095,-0.22775292095809907,0.5170986426079844,-0.7688755830562746,0.6197879642909672,-0.717524054421105,-0.6467295750993614,-0.40342368981638144,-0.7557089006225057,-0.9128424548604341,0.06240545314310686,0.920623279292037
0.5322136506908903,0.23456943299825506,0.18432121230114462,-0.7046448159652592,0.023340437548953652,0.786530595546846,0.5679613131398791,-0.28283023164734433,-0.3681440982708415,-0.9011465943870665,0.473634360349672,-0.2639152637035911,-0.43369123809007704,-0.6889606734993332,-0.815371507078462,-0.9454666540836327
0.7652343420138252,-0.2013918947613924,-0.0005331899975180576,0.7748728133468059,0.458158934313285,-0.7951029735775395,-0.0008126921912403606,0.686312638422669,-0.3770741710608334,-0.5294596394231117,-0.005926822002298104,0.24279879316979835,0.9164519844007226,-0.5078482312789123,-0.36721418512784276,0.9432087887762335
0.7222771339189791,-0.005454696303068385,-0.2915134501204564,-0.7750734383650992,0.11723817845525897,0.5938360682630202,-0.010768256677477828,0.707408394316926,-0.5112327016133762,-0.7811099248727826,0.009951608581912241,-0.9732203623144933,0.5584545603101057,0.1105202142888062,-0.5694403298492954,-0.5994379771008778
0.16162361494760624,-0.38704335280463753,-0.24854788977398545,0.30634162979715196,-0.9589719891404087,-0.28267606687891167,0.3221538699420512,-0.14910428273091658,0.9826883395419368,0.8508936334056303,0.6357584934988769,-0.5769135998104313,0.09376796925103226,-0.7821970510219409,-0.4663891893964558,-0.831632538112201
0.6781753267827875,0.33905137367641647,0.8568353804544486,-0.8044271187219234,0.8877682037516639,-0.42203276645299903,0.3018591966647832,0.4258736457862886,0.2516337015828114,-0.07738276731259952,0.27310534966390354,0.7807176102748643,0.898884317161128,0.6441762343991813,0.6359073989739275,-0.11625956839410301
-0.07355380841233794,-0.5991475894981364,0.48881631753298627,0.8946664818555352,-0.371995389237056,-0.8401918579894088,-0.591993878817975,0.15712232369874823,0.450549308287469,-0.8996673112741782,-0.8791981995418927,-0.03761206035791265,-0.5700742657864488,-0.9387493444567108,-0.8726216475381954,-0.7551117821103108
0.735759638534258,0.5266432943362018,-0.8262895940291652,0.6882150373152043,-0.7506471583585688,-0.04982341472396001,-0.7949918517940822,-0.44235127186122525,-0.9882223934879146,-0.4441028983344111,0.5519251325075518,0.6516444941449673,-0.3163693937495182,0.6633576579373552,-0.14305762257033017,-0.917498174903457
0.689026547247694,0.8862140749559642,-0.45937080150886866,-0.13100395155291333,0.3676584062185373,0.2613141202862099,-0.12666968197987072,-0.41039307001428993,0.5753567913599895,-0.5411831823678792,0.7960685297548984,-0.16290877512290147,-0.12264052078463594,0.8722752925535249,-0.5794202635727537,-0.5970693001492524
-0.02170263409045292,0.697648704435414,-0.11226839738443095,-0.8622529689920502,0.7835929345134811,0.1860181129625269,0.4094767632543719,0.44077211442817377,-0.695785490796218,-0.6610229471283056,0.38672965984834384,-0.1503230719293971,0.09955025998329337,0.895028592696677,0.7080541552493977,-0.30929665194905875
