10 10 10 10
0 1 5 6 3 3 0
1 0 5 6 3 3 0
1 2 6 9 2 4 0
1 2 7 8 2 4 0
1 2 6 9 2 4 0
1 2 7 8 2 4 0
2 3 4 8 3 3 1
2 3 9 1 -1 2 0
3 2 8 9 -1 -1 0
1 0 5 6 3 3 0
1 2 6 9 2 4 0
1 2 7 8 2 4 0
1 2 6 9 2 4 0
1 2 7 8 2 4 0
2 3 4 8 3 3 1
2 3 9 1 -1 2 0
3 2 8 9 -1 -1 0
0 1 5 6 3 3 0
1 0 5 6 3 3 0
1 2 6 9 2 4 0
1 2 7 8 2 4 0
1 2 6 9 2 4 0
1 2 7 8 2 4 0
2 3 4 8 3 3 1
2 3 9 1 -1 2 0
3 2 8 9 -1 -1 0
1 0 5 6 3 3 0
1 2 6 9 2 4 0
1 2 7 8 2 4 0
1 2 6 9 2 4 0
1 2 7 8 2 4 0
2 3 4 8 3 3 1
2 3 9 1 -1 2 0
3 2 8 9 -1 -1 0
1 2 6 9 2 4 0
1 2 7 8 2 4 0
1 2 6 9 2 4 0
1 2 7 8 2 4 0
2 3 4 8 3 3 1
2 3 9 1 -1 2 0
3 2 8 9 -1 -1 0
1 0 5 6 3 3 0
1 2 6 9 2 4 0
1 2 7 8 2 4 0
1 2 6 9 2 4 0
1 2 7 8 2 4 0
2 3 4 8 3 3 1
2 3 9 1 -1 2 0
3 2 8 9 -1 -1 0
0 1 5 6 3 3 0
1 0 5 6 3 3 0
1 2 6 9 2 4 0
1 2 7 8 2 4 0
1 2 6 9 2 4 0
1 2 7 8 2 4 0
2 3 4 8 3 3 1
2 3 9 1 -1 2 0
3 2 8 9 -1 -1 0
1 0 5 6 3 3 0
1 2 6 9 2 4 0
1 2 7 8 2 4 0
1 2 6 9 2 4 0
1 2 7 8 2 4 0
2 3 4 8 3 3 1
2 3 9 1 -1 2 0
3 2 8 9 -1 -1 0
1 2 6 9 2 4 0
1 2 7 8 2 4 0
1 2 6 9 2 4 0
1 2 7 8 2 4 0
2 3 4 8 3 3 1
2 3 9 1 -1 2 0
3 2 8 9 -1 -1 0
1 0 5 6 3 3 0
1 2 6 9 2 4 0
1 2 7 8 2 4 0
1 2 6 9 2 4 0
1 2 7 8 2 4 0
2 3 4 8 3 3 1
2 3 9 1 -1 2 0
3 2 8 9 -1 -1 0
0 1 5 6 3 3 0
1 0 5 6 3 3 0
1 2 6 9 2 4 0
1 2 7 8 2 4 0
1 2 6 9 2 4 0
1 2 7 8 2 4 0
2 3 4 8 3 3 1
2 3 9 1 -1 2 0
3 2 8 9 -1 -1 0
1 0 5 6 3 3 0
1 2 6 9 2 4 0
1 2 7 8 2 4 0
1 2 6 9 2 4 0
1 2 7 8 2 4 0
2 3 4 8 3 3 1
2 3 9 1 -1 2 0
3 2 8 9 -1 -1 0
1 2 6 9 2 4 0
1 2 7 8 2 4 0
1 2 6 9 2 4 0
1 2 7 8 2 4 0
2 3 4 8 3 3 1
2 3 9 1 -1 2 0
3 2 8 9 -1 -1 0
1 0 5 6 3 3 0
1 2 6 9 2 4 0
1 2 7 8 2 4 0
1 2 6 9 2 4 0
1 2 7 8 2 4 0
2 3 4 8 3 3 1
2 3 9 1 -1 2 0
3 2 8 9 -1 -1 0
0 1 5 6 3 3 0
1 0 5 6 3 3 0
1 2 6 9 2 4 0
1 2 7 8 2 4 0
1 2 6 9 2 4 0
1 2 7 8 2 4 0
2 3 4 8 3 3 1
2 3 9 1 -1 2 0
3 2 8 9 -1 -1 0
1 0 5 6 3 3 0
1 2 6 9 2 4 0
1 2 7 8 2 4 0
1 2 6 9 2 4 0
1 2 7 8 2 4 0
2 3 4 8 3 3 1
2 3 9 1 -1 2 0
3 2 8 9 -1 -1 0